ram: set wl 32
ram: set size 64
ram: set size 4096
ram: set wl 32
ram: set size 32
ram: set wl 32
[25] 0 0
[48] 1 0
[71] 2 0
[94] 3 0
[117] 4 0
[140] 5 0
[163] 6 0
[186] 7 0
[209] 8 0
[232] 9 1
[255] 10 3
[278] 11 4
[301] 12 6
[324] 13 7
[347] 14 9
[370] 15 11
[393] 16 12
[416] 17 13
[439] 18 13
[462] 19 14
[485] 20 19
[508] 21 32
[531] 22 58
[554] 23 95
[577] 24 131
[600] 25 159
[623] 26 175
[646] 27 182
[669] 28 182
[692] 29 182
[715] 30 183
[744] 31 185
[773] 32 188
[802] 33 191
[831] 34 194
[860] 35 197
[889] 36 201
[918] 37 204
[947] 38 206
[976] 39 207
[1005] 40 207
[1034] 41 206
[1063] 42 205
[1092] 43 204
[1121] 44 203
[1150] 45 201
[1179] 46 200
[1208] 47 199
[1237] 48 199
[1266] 49 198
[1295] 50 194
[1324] 51 180
[1353] 52 154
[1382] 53 118
[1411] 54 82
[1440] 55 54
[1469] 56 38
[1498] 57 31
[1527] 58 30
[1556] 59 30
[1585] 60 30
[1614] 61 27
[1643] 62 25
[1672] 63 22
[1701] 64 19
[1730] 65 15
[1759] 66 12
[1788] 67 9
[1817] 68 6
[1846] 69 4
[1875] 70 3
[1904] 71 2
[1933] 72 1
[1962] 73 1
[1991] 74 1
[2020] 75 1
[2049] 76 1
[2078] 77 0
[2107] 78 0
[2136] 79 0
[2165] 80 0
[2194] 81 0
[2223] 82 0
[2252] 83 0
[2281] 84 0
[2310] 85 0
[2339] 86 0
[2368] 87 0
[2397] 88 0
[2426] 89 0
[2455] 90 0
[2484] 91 0
[2513] 92 0
[2542] 93 0
[2571] 94 1
[2600] 95 1
[2629] 96 1
[2658] 97 2
[2687] 98 2
[2716] 99 2
[2745] 100 2
[2774] 101 3
[2803] 102 3
[2832] 103 3
[2861] 104 3
[2890] 105 3
[2919] 106 3
[2948] 107 3
[2977] 108 4
[3006] 109 4
[3035] 110 4
[3064] 111 4
[3093] 112 5
[3122] 113 5
[3151] 114 6
[3180] 115 7
[3209] 116 9
[3238] 117 13
[3267] 118 19
[3296] 119 29
[3325] 120 44
[3354] 121 64
[3383] 122 90
[3412] 123 120
[3441] 124 152
[3470] 125 181
[3499] 126 205
[3528] 127 221
[3557] 128 226
[3586] 129 226
[3615] 130 237
[3644] 131 290
[3673] 132 422
[3702] 133 674
[3731] 134 1055
[3760] 135 1543
[3789] 136 2081
[3818] 137 2569
[3847] 138 2916
[3876] 139 3088
[3905] 140 3124
[3934] 141 3126
[3963] 142 3202
[3992] 143 3410
[4021] 144 3736
[4050] 145 4102
[4079] 146 4440
[4108] 147 4707
[4137] 148 4887
[4166] 149 4994
[4195] 150 5047
[4224] 151 5062
[4253] 152 5055
[4282] 153 5034
[4311] 154 5004
[4340] 155 4975
[4369] 156 4951
[4398] 157 4935
[4427] 158 4932
[4456] 159 4936
[4485] 160 4933
[4514] 161 4889
[4543] 162 4767
[4572] 163 4523
[4601] 164 4148
[4630] 165 3665
[4659] 166 3130
[4688] 167 2644
[4717] 168 2299
[4746] 169 2127
[4775] 170 2091
[4804] 171 2089
[4833] 172 2012
[4862] 173 1804
[4891] 174 1478
[4920] 175 1110
[4949] 176 771
[4978] 177 503
[5007] 178 318
[5036] 179 203
[5065] 180 137
[5094] 181 101
[5123] 182 82
[5152] 183 73
[5181] 184 71
[5210] 185 70
[5239] 186 70
[5268] 187 70
[5297] 188 68
[5326] 189 63
[5355] 190 55
[5384] 191 46
[5413] 192 36
[5442] 193 28
[5471] 194 22
[5500] 195 17
[5529] 196 14
[5558] 197 12
[5587] 198 11
[5616] 199 10
[5645] 200 9
[5674] 201 9
[5703] 202 9
[5732] 203 9
[5761] 204 10
[5790] 205 10
[5819] 206 9
[5848] 207 8
[5877] 208 6
[5906] 209 5
[5935] 210 5
[5964] 211 5
[5993] 212 5
[6022] 213 6
[6051] 214 6
[6080] 215 6
[6109] 216 6
[6138] 217 6
[6167] 218 6
[6196] 219 7
[6225] 220 7
[6254] 221 7
[6283] 222 7
[6312] 223 7
[6341] 224 7
[6370] 225 7
[6399] 226 7
[6428] 227 7
[6457] 228 7
[6486] 229 7
[6515] 230 7
[6544] 231 7
[6573] 232 7
[6602] 233 7
[6631] 234 7
[6660] 235 6
[6689] 236 6
[6718] 237 6
[6747] 238 5
[6776] 239 5
[6805] 240 4
[6834] 241 3
[6863] 242 3
[6892] 243 3
[6921] 244 3
[6950] 245 3
[6979] 246 2
[7008] 247 2
[7037] 248 2
[7066] 249 2
[7095] 250 2
           Type          Evals       Toggles
       dpoutput         633680         184157
            reg         394229          89138
            sig         410017         175927
      assign_op        1016409         253484
         ior_op          42720           7810
         and_op         439614          13773
         shl_op            251            495
         add_op          15503          28459
         sub_op            503           2377
      concat_op              0              0
         mul_op            251           2321
         sel_op         358759         239042
          eq_op        1135705          49128
          ne_op          55536           2846
         grt_op           7120           2770
       ipoutput          57906          22541
